6.974337574070612391e+03
3.940082623816707837e+03
1.370513699992475722e+03
5.477209990467238640e+03
5.103093327305919047e+03
5.835651276344000507e+03
6.203692581321123726e+03
5.784624261931036017e+03
5.432964261684048324e+03
4.134846756097635080e+03
3.050082444732735894e+03
5.327244978643006107e+03
5.481691221790983036e+03
3.192238090299960731e+03
4.464758677010850988e+03
6.244426112878079948e+03
5.902001423921157766e+03
4.747323643569716296e+03
6.285630097448971355e+03
3.314854116909129516e+03
