2.211241079756448016e+03
3.833255292486738654e+03
1.523160996212901864e+03
3.280145685082266027e+03
3.863915354040588227e+03
5.504061378010004773e+03
4.706152787796411758e+03
4.991200743143652289e+03
3.570583977100654010e+03
3.237827734508954109e+03
3.472171432620223641e+03
2.974101376851614077e+03
3.089227045344509406e+03
4.469819500206779594e+03
2.718734097988417943e+03
3.661708015320366485e+03
4.132954264787467764e+03
4.635551679140929082e+03
3.338330239264042575e+03
3.766258184815174900e+03
